 1  0.400 0.350 10.1	38.02  12.21  14.37	0.450152 0.311969 0.252390  	dark_skin  
 2  0.377 0.345 35.8    66.37  13.07  16.99	0.753523 0.597979 0.515834  	light_skin
 3  0.247 0.251 19.3    51.04  0.36  -22.19	0.384980 0.482753 0.623923	blue_sky        
 4  0.337 0.422 13.3    43.21 -16.87  21.96   	0.339422 0.427028 0.254308	foliage         
 5  0.265 0.240 24.3    56.39  12.61 -25.49   	0.526144 0.509543 0.703822	blue_flower     
 6  0.261 0.343 43.1    71.62 -30.59   1.14   	0.408784 0.747986 0.676105	bluish_green    
 7  0.506 0.407 30.1    61.74  27.61  58.22   	0.845242 0.501565 0.157945	orange          
 8  0.211 0.175 12.0    41.22  17.61 -43.16   	0.306750 0.357996 0.660450	purpilish_blue  
 9  0.453 0.306 19.8    51.61  42.91  14.73   	0.764125 0.352524 0.392091	moderate_red    
10  0.285 0.202  6.6    30.88  26.07 -23.50   	0.371969 0.228638 0.430102	purple          
11  0.380 0.489 44.3    72.43 -28.41  59.48   	0.622972 0.743304 0.231743	yellow_green    
12  0.473 0.438 43.1    71.62  12.37  67.05   	0.885689 0.645695 0.162192	orange_yellow   
13  0.187 0.129  6.1    29.66  27.41 -51.15   	0.207133 0.231335 0.590474	blue            
14  0.305 0.478 23.4    55.48 -41.10  33.63   	0.272892 0.586248 0.280298	green           
15  0.539 0.313 12.0    41.22  50.94  25.94   	0.693441 0.200083 0.226541	red             
16  0.448 0.470 59.1    81.35  -3.92  79.11   	0.913282 0.787820 0.101996	yellow          
17  0.364 0.233 19.8    51.61  48.96 -15.81   	0.741875 0.338752 0.592703	magenta         
18  0.196 0.252 19.8    51.61 -21.65 -26.65     -0.151349 0.530496 0.658097	cyan            
19  0.310 0.316 90.0    96.00 -0.0002 0.0002  	0.954724 0.954723 0.954722	white           
20  0.310 0.316 59.1    81.35 -0.0002 0.0001  	0.792422 0.792422 0.792422	neutral_8       
21  0.310 0.316 36.2    66.67 -0.0002 0.0001  	0.635820 0.635820 0.635819	neutral_6.5     
22  0.310 0.316 19.8    51.61 -0.0001 0.0001  	0.482272 0.482271 0.482271 	neutral_5       
23  0.310 0.316  9.0    35.98 -0.0001 0.0001  	0.331790 0.331790 0.331790	neutral_3.5     
24  0.310 0.316  3.1    20.44 -0.0001 0.0001  	0.193115 0.193115 0.193114	black 